C Modules: >> ANLSTR,ARRNAM,ASKINT,ASXWIN,ASTWIN,WRFIGS <<
C          >> CMARK, CMARKT,CMARKP,CHECKU,CURV1  <<
C	   >> FMTF4, FMTF5, FMTF6, FMTXF4,FMTXF5,FMXF5, FMT456 <<
C	   >> KILLBL,length,NMARK, nextwd,noblan,PLOTGR,PLOTXY,PUTMAR <<
C	   >> RECTAN,ROUNDN,READF6,RZ2A,  RA2Z,  QUADIN,APPRID,nsymb  <<
C	   >> SCAL,  SCALA, SMOOTH,SORT,  SORTAB,TAMP,	UPCASE,VARNAM <<
C======================================================================|
	subroutine	SCAL(NOUT,SN,SO,OUT,NP,NDIM)
C----------------------------------------------------------------------|
C  Input:
C     NOUT	Total number of channels (NROUT or NTOUT)
C     SO(NOUT)	Current scales
C     NP	Upper index boundary for scale definition (= NDIM-3)
C     NDIM	Upper index boundary according to the array description
C     OUT(NDIM,NOUT) Array of curves for scale definition (ROUT or TOUT)
C  Output:
C     SN(NOUT)	Returned scales
C----------------------------------------------------------------------|
	implicit none
	integer NOUT,NP,J,JJ,NDIM
	double precision	SN(*),SO(*),OUT(NDIM,*),SC,SCALA
C----------------------------------------------------------------------|
C Exclude 3 edge/central points
	do	1	J=1,NOUT
	if(SO(J))	4,3,2
 2	SN(J)=SO(J)
				GO TO 1
 3	SN(J)=SCALA(OUT(1,J),NP)
				GO TO 1
 4	do	5	JJ=1,J-1
	if(SO(J).EQ.SO(JJ))	GO TO 7
 5	continue
	SC=0.
	do	6	JJ=J,NOUT
	if(SO(J).NE.SO(JJ))	GO TO 6
	SC=MAX(SC,SCALA(OUT(1,JJ),NP))
	if(ABS(SO(JJ)+JJ).LT..01) GO TO 8
 6	continue
	SN(J)=SC
				GO TO 1
 7	SN(J)=SN(JJ)
				GO TO 1
 8	SN(J)=SCALA(OUT(1,JJ),NP)
 1	continue
	end
C======================================================================|
	double precision	function SCALA(Y,NJ)
	implicit none
	integer NJ,J
	double precision	YS(6),Y(*),YMAX
	YMAX	=0.
	do	5	J=1,NJ
		if(YMAX.LT.ABS(Y(J)))	YMAX=ABS(Y(J))
 5	continue
	YS(1)	=1.0d-9
	YS(2)	=1.5d-9
	YS(3)	=2.0d-9
	YS(4)	=3.0d-9
	YS(5)	=5.0d-9
	YS(6)	=8.0d-9
 1	continue
	do 2 J	=1,6
		if (1.05*YMAX.LE.YS(J)) GO TO 4
 2	continue
	do 3 J	=1,6
		YS(J)	=10.d0*YS(J)
 3	continue
	go to 1
 4	SCALA	=YS(J)
	end
C======================================================================|
	subroutine	CMARK(NL,JPOS,SC,OS,NAME,STYL)
C Mark variable/scale in 1 & 2 modes
	implicit none
	include	'for/parameter.inc'
	include	'for/outcmn.inc'
	double precision	SC,OS,YS
	character*4	ST*10,NAME,F4,F5*5
	integer	NL,JY,JPOS,STYL,POINT(2)
	call	FMTF4(ST(1:4),SC)
	ST(5:5)=' '
	ST(6:10)=NAME
	if (OS)	1,4,2
 1	YS = -OS
	call	FMTF4(F4,YS)
	F5 = '-'//F4
	goto	3
 2	call	FMTF4(F4,OS)
	F5 = '+'//F4
 3	if (NL .lt. YSCMAX/2)	then
	    JY = DYLET+2
	else
	    JY = -DYLET-2
	endif
	call	textvm(JPOS+4*DXLET,NL+JY,F5,5)
 4	call	textvm(JPOS,NL,ST,10)
	if (STYL .le. 0)	return
	POINT(1) = JPOS+4*DXLET+4
	POINT(2) = NL-4
	call	NMARK(POINT,STYL)
	end
C======================================================================|
	subroutine	CMARKT(NL,JPOS,SC,OS,NAME,STYL)
C Mark variable/scale in 6th (time) mode
	implicit none
	include	'for/parameter.inc'
	include	'for/outcmn.inc'
	double precision  SC,OS,YS
	character*4 ST*10,NAME,F4
	integer NL,J,JPOS,JP,STYL,length,killbl,PT(2)
	ST(1:10)='          '
	ST(2:5)=NAME
	if (OS)	1,2,3
 1	YS = -OS
	call FMTF4(F4,YS)
	ST(6:10)='-'//F4
	JP=JPOS-DXLET
	if (ST(1:1).eq.' ')	JP=JP-DXLET
	j = killbl(ST(2:2),9)+1
	if (j .le. 6)		JP=JP+DXLET
	goto	4
 2	JP=JPOS
	J = 5
	goto	4
 3	call FMTF4(F4,OS)
	ST(6:10)='+'//F4
	JP=JPOS-DXLET
	if (ST(1:1).eq.' ')	JP=JP-DXLET
	j = killbl(ST(2:2),9)+1
	if (j .le. 6)		JP=JP+DXLET
 4	continue
	call textvm(JP,NL,ST,J)			! type name+yshift
	PT(1) = JP+3
	PT(2) = NL-5
	call FMTF4(F4,SC)
	J=NL+DYLET
	JP=JPOS+DXLET
	call textvm(JP,J,F4,4)			! type scale
	if (STYL .le. 0)	return
	call	NMARK(PT,STYL)
	end
C======================================================================|
	subroutine	CMARKP(NL,JPOS,NAME,STYL)
C Mark variable/scale in 4 & 5 (time-radial) modes
	implicit none
	character ST*5,NAME*4
	integer NL,JPOS,STYL
	integer	NBIT(6)
C diamond(1), o(111), +(43), *(42), x(120), #(35), $(36), 
	data NBIT /1,111,43,42,120,36/
	ST(2:5)=NAME
	ST(1:1)=' '
	if (STYL.ge.7 .and. STYL.le.12)  ST(1:1) = char(NBIT(STYL-6))
	call textvm(JPOS,NL,ST,5)
	end
C======================================================================|
	subroutine	PLOTXY(YARR,NP,JX,IX,IXO,IY,IYO,DMET,STYL,PT)
C-------------------------------------------------------------------
C   The subroutine displays NP points
C	of integer array IY vs IX to screen with the style=STYL
C	and puts marks with time interval equal to DMET(sec)
C   Entry:	YARR - time array (TTOUT)
C		NP,JX,IY,IX,DMET,STYL
C-------------------------------------------------------------------
	implicit none
	integer IX(*),IY(*),IXO(*),IYO(*),PT(*)
	integer JX,NP,EraseColor,STYL,J,J0,JMET,JJ,JPOINT,J1
	double precision    DMETO,DMET,YARR(NP)
	save EraseColor,DMETO
	data EraseColor/31/,DMETO/999999./
	call colovm(EraseColor)
	do	4	J0=0,1
	   do	1	J=1,NP
C	      write(*,*)j,j0,JX,IXO(J),IYO(J)
	      PT(2*J-1)	=JX+IXO(J)
	      PT(2*J)	=350-IYO(J)
 1	   continue
	   JMET	=0
	   do	2	JJ=1,NP-1+J0
	      if(YARR(JJ)-YARR(1).ge.JMET*DMETO.or.JJ.eq.1)	then
		 if(JJ.gt.1)	call	curvvm(0,JPOINT+1,PT(J1))
		 J1=2*JJ-1
		 call NMARK(PT(J1),STYL)
		 JMET	=JMET+1
		 JPOINT	=1
	      else
		 JPOINT	=JPOINT+1
	      endif
 2	   continue
	   if (JPOINT.ne.0)	call	curvvm(0,JPOINT,PT(J1))
	   if (J0.eq.1)	return			! J0=0 <- erasing
	   do	3	J=1,NP
	      IXO(J)=IX(J)
 3	      IYO(J)=IY(J)
	   DMETO	=DMET
	   call colovm(1)
 4	continue
	end
C======================================================================|
	subroutine	PLOTCR(NP,NPO,IX,IXOLD,IY,IYOLD,ICOLOR,STYL,PT)
C-----------------------------------------------------------------------
C   The subroutine displays NP points of the integer array IY
C	NP  is a number of points to plot
C	NPO is a number of points to erase, in addition,
C	NPO is a control parameter:
C	 NPO > 0  the old curve is erased, the drawn one is stored in IYOLD 
C	 NPO <= 0 a new curve IY(1:NP) is drawn, (IXOLD,IYOLD) are NOT used
C	 NPO = 0  no erasure, the drawn curve is stored in IYOLD
C	The points of the array IYOLD are used for erasing
C	curve of the previous call and are determined inside PLOTG1
C	STYL
C	PT is a working array 2*NB1
C   Input:	NP,IY,IYOLD,ICOLOR,STYL
C   Output:	IXOLD,IYOLD
C-----------------------------------------------------------------------
	implicit none
	integer IX(*),IXOLD(*),IY(*),IYOLD(*),PT(*)
	integer STYL,NP,EraseColor,NPO,J,ICOLOR
	save EraseColor
	data EraseColor /31/
	if (NPO .le. 0)	goto	2
C erase the old curve
	do	1	J=1,NPO
	PT(2*J-1)	=IXOLD(J)
	PT(2*J)		=IYOLD(J)
 1	continue
	call colovm(EraseColor)
	call CURV1(NPO,PT,STYL)

C draw a new curve
 2	do	3	J=1,NP
	PT(2*J-1)	=IX(J)
	PT(2*J)		=IY(J)
 3	continue
Colors: 1(Red) 2(Blue) 3(MeduimSeeGreen) 4(VioletRed) 5(Brown) 6(LightBlue)
C	7(Turquoise)
C STYL	1 2 3 4 5 6 7 	8 9 10 11 12 13 14	15 16 17 18
Color:	1 2 3 4 5 6 7   1 2 3  4  5  6  7 	 1  2  3  4  5  6 7
	call colovm(ICOLOR)
	call CURV1(NP,PT,STYL)
	if (NPO .lt. 0)	return
	do	5	J=1,NP
	IYOLD(J)	=IY(J)
	IXOLD(J)	=IX(J)
 5	continue
	end
C======================================================================|
	subroutine	CURV1(NP,PT,STYL)
C The subroutine has replaced older subroutine CURV
	implicit none
	integer PT(*),STYL,NP,LE,NF,J,j1,JJ,NM,LENG(6),jx,jy,PT1(2)
	equivalence	(PT1(1),jx),	(PT1(2),jy)
	save	LENG
	data	LENG /8,10,13,17,22,28/
	if(STYL) 1,4,2

 1	continue				! Draw dashed curves
	jj = -STYL
	if (jj .ge. 7)	jj = jj+1-jj/7*7
	if (jj .eq. 1)	goto 4
	LE = NP/LENG(jj-1)

	LE = 8
	do	j=1,jj
	   j1 = j+1
	   LE = LE+j1
	enddo
	j1 = jj
	if (jj .eq. 2)	LE = min(LE,16)
	if (jj .eq. 3)	LE = min(LE,8)
	if (jj .eq. 4)	LE = min(LE,4)
	NF = max(1,LE/4)
	do	j=1,NP,LE
	   j1 = min(NP-j+1,LE-NF)
	   call drcurv(0,j1,PT(2*j-1))
	enddo
	return

 2	continue				! Draw markers
	NM=NP/5
	NM=max(10,NP/5)
	LE=NM/5*STYL				! 1st marker position
	if (LE .ge. NM+2)	LE=LE-NM
	LE = max(1,LE)
C	call	getcolor(j1)
	do	jj=LE,NP,NM
	   J  = 2*jj
	   jx = PT(j-1)
	   jy = PT(j)/10
	   call NMARK(PT1,STYL)
C	   call	puto(jx,jy,j1,STYL)
	enddo
 4	continue				! Draw a solid curve
	call drcurv(0,NP,PT(1))
	end
C======================================================================|
C	subroutine	PUTMAR(TIME,YARR,NP,JX,IX,IY,STYL)
C Called from review only
C-------------------------------------------------------------------
C	implicit none
C	integer IX(*),IY(*),JX,PT(2),NP,STYL,JJ
C	double precision	TIME,YARR(*)
C	do	2	JJ=1,NP
C	   if (YARR(JJ).le.TIME .and. TIME.lt.YARR(JJ+1))	then
C		PT(1)	=JX+IX(JJ)
C		PT(2)	=350-IY(JJ)
C		call NMARK(PT(1),STYL)
C		return
C	   endif
C2	continue
C	end
C======================================================================|
	subroutine	NMARK_(POINT,STYL)
C used when NMARK_ is called from C
	implicit none
	integer POINT(2),STYL
	call	NMARK(POINT,STYL)
	end
C======================================================================|
	subroutine	NMARK(POINT,STYL)
	implicit none
	integer POINT(2),PT(32),DX(16,7),DY(16,7),STYL,J,N(7),JJ,IST
C IST definition shoud coincide with NBIT() in CMARK
C IST = 1-filled diamond, 2-o, 3-+, 4-*, 5-x(#), 6-<, 7-filled square
C STYL  <=7,              8    9    10   11      12   >=13
	save	N,DX,DY
	data	N /16,13,5,9,14,9,10/
	data	DX/
     1	 0, 3, 0,-3, 0, 0, 2, 0,-2, 0, 0, 1, 0,-1, 0, 0,	! 
     2	 3, 3, 2, 1,-1,-2,-3,-3,-2,-1, 1, 2, 3, 0, 0, 0,	! o
     3	 3,-3, 0, 0, 0, 0, 0, 0, 0, 0, 0, 0, 0, 0, 0, 0,	! +
     4	-3,-1, 2,-2, 1,-2, 2,-1, 3, 0, 0, 0, 0, 0, 0, 0,	! *
C     5	 1, 1,-1,-1, 3,-3, 3,-3, 0, 0, 0, 0, 0, 0, 0, 0,	! #
     5	-2,-1, 0, 1, 2, 1, 0, 1, 2, 1, 0,-1,-2, 0, 0, 0,	! x
     6	 0, 0,-3, 0,-2, 0, 0,-2, 0, 0, 0, 0, 0, 0, 0, 0,	! <
     7	-2, 2, 2,-2,-2, 1, 1,-1,-1, 0, 0, 0, 0, 0, 0, 0/	! 
	data	DY/
     1	 3, 0,-3, 0, 3, 2, 0,-2, 0, 2, 1, 0,-1, 0, 1, 0,	! 
     2	 1,-1,-2,-3,-3,-2,-1, 1, 2, 3, 3, 2, 1, 0, 0, 0,	! o
     3	 0, 0, 0, 3,-3, 0, 0, 0, 0, 0, 0, 0, 0, 0, 0, 0,	! +
     4	 0, 0, 3,-3, 0, 3,-3, 0, 0, 0, 0, 0, 0, 0, 0, 0,	! *
C     5	 3,-3, 3,-3, 1, 1,-1,-1, 0, 0, 0, 0, 0, 0, 0, 0,	! #
     5	-2,-1, 0, 1, 2, 1, 0,-1,-2,-1, 0, 1, 2, 0, 0, 0,	! x
     6	 3,-3, 0, 3,-1,-1, 1, 1,-3, 0, 0, 0, 0, 0, 0, 0,	! <
     7	-2,-2, 2, 2,-1,-1, 1, 1, 0, 0, 0, 0, 0, 0, 0, 0/	! 
	IST=max(1,min(STYL,7))
	do	1	JJ=1,N(IST)
	J=2*JJ
	PT(J-1)=POINT(1)+DX(JJ,IST)
1	PT(J)  =POINT(2)+DY(JJ,IST)
	call curvvm(0,N(IST),PT(1))
C return to the original point:
Call drawvm(0,....,POINT(1),POINT(2))
	end
C======================================================================|
Convert real positive R1>0 to a string F4*4
	subroutine	FMTF4(F4,R1)
	implicit none
	character F4*4,F6*6
	double precision	R1
	integer	J
	if(abs(R1).lt.1.e-9)	then
		F4=' 0. '
		return
			endif
	if(R1.lt.0)	then
		F4=' <0 '
		return
			endif
C	if(R1.ge.1.e11)	then
C	   call	FMT456(F6,R1,5)
C	   write(*,*)R1,'"',F6,'"'
C	else
	   call	FMT456(F6,R1,4)
C	endif
	do	5	J=3,6
	if(F6(J:J).eq.'.')	go to 4
 5	continue
	F4=F6(3:6)
	if(F4(2:3).eq.'0-')	then
	   read(F4(4:4),*)J
	   if(J.le.8)write(F4,'(1A3,1I1)')F4(1:1)//'e-',J-1
	endif
	if(F4(1:1).eq.' ' .and. F4(3:4).eq.'-9')
     >				write(F4,'(1A4)')F4(2:2)//'e-9'
	if(F4(2:4).eq.'0-4')	F4 ='.00'//F4(1:1)
	if(F4(2:3).eq.'0e')	then
	   read(F4(4:4),*)J
	   if(J.lt.9)write(F4,'(2A1,1I1,1A1)')F4(1:1),'e',J+1,' '
	   if(J.ge.9)write(F4,'(2A1,1I2)')F4(1:1),'e',J+1
	endif
C	if(F4(2:4).eq.'0e3')	F4 =F4(1:1)//'e4 '
C	if(F4(2:4).eq.'0e4')	F4 =F4(1:1)//'e5 '
C	if(F4(2:4).eq.'0e5')	F4 =F4(1:1)//'e6 '
C	if(F4(2:4).eq.'0e6')	F4 =F4(1:1)//'e7 '
C	if(F4(2:4).eq.'0e7')	F4 =F4(1:1)//'e8 '
C	if(F4(2:4).eq.'0e8')	F4 =F4(1:1)//'e9 '
C	if(F4(2:4).eq.'0e9')	F4 =F4(1:1)//'e10'
C	if(F4(2:4).eq.'0e4')	F4 =F4(1:1)//'e11'
			return
 4	do	3	J=6,1,-1
	if(F6(J:J).eq.'.')	go to 2
	if(F6(J:J).ne.'0')	go to 1
 3	continue
 2	J=J-1
 1	F4=F6(3:J)
	end
C======================================================================|
C The same as FMTF4 but does not suppress leading "0." if possible
	subroutine	FMTF40(F4,R1)
	implicit none
	character F4*4
	double precision	R1
	call	FMTF4(F4,R1)
	if (F4(1:1).eq.'.' .and. F4(4:4).eq.' ') F4='0.'//F4(2:3)
	end
C====================================================================
Convert real R1 to a string F5*5
	subroutine	FMTF5(F5,R1)
	implicit none
	character F4*4,F5*5,F6*6
	double precision	R1,R2
	if(abs(R1).lt.1.e-9)	then
		F5=' 0.  '
		return
			endif
	if(R1.lt.0)	then
		R2 = abs(R1)
		call FMTF4(F4,R2)
		F5='-'//F4
		return
			endif
	call	FMT456(F6,R1,5)
	F5=F6(2:6)
	if (F5(3:5).eq."000")	F5(3:5)='   '
	if (F5(4:5).eq."00")	F5(4:5)='  '
	if (F5(5:5).eq."0")	F5(5:5)=' '
	end
C====================================================================
Convert real R1 to a string F5*5
C The same as FMTF5 but without suppressing end zeros
	subroutine	FMTF50(F5,R1)
	implicit none
	character F4*4,F5*5,F6*6
	double precision	R1,R2
	if(abs(R1).lt.1.e-9)	then
		F5=' 0.  '
		return
			endif
	if(R1.lt.0)	then
		R2 = abs(R1)
		call FMTF4(F4,R2)
		F5='-'//F4
		return
			endif
	call	FMT456(F6,R1,5)
	F5=F6(2:6)
	end
C====================================================================
Convert real R1 to a string F6*6
	subroutine	FMTF6(F6,R1)
	implicit none
	character F4*4,F5*5,F6*6
	double precision	R1,R2
	if(abs(R1).lt.1.e-9)	then
		F6='    0.'
		return
			endif
	if(R1.lt.0)	then
		R2 = abs(R1)
		call FMTF5(F5,R2)
		F6='-'//F5
		goto	1
			endif
	call	FMT456(F6,R1,6)
 1	if (F6(3:6).eq."0000")	F6='    '//F6(1:2)
	if (F6(4:6).eq."000")	F6='   '//F6(1:3)
	if (F6(5:6).eq."00")	F6='  '//F6(1:4)
	if (F6(6:6).eq."0")	F6=' '//F6(1:5)
	if (F6(3:6).eq."    ")	F6='    '//F6(1:2)
	if (F6(4:6).eq."   ")	F6='   '//F6(1:3)
	if (F6(5:6).eq."  ")	F6='  '//F6(1:4)
	if (F6(6:6).eq." ")	F6=' '//F6(1:5)
C	if (F6(3:6).eq."0000")	F6(3:6)='    '
C	if (F6(4:6).eq."000")	F6(4:6)='   '
C	if (F6(5:6).eq."00")	F6(5:6)='  '
C	if (F6(6:6).eq."0")	F6(6:6)=' '
	end
C===================================================================
	subroutine	FMTXF4(F4,R1)
	implicit none
	character F4*5,F6*6
	double precision	R1,R2
	F4=' '
	if(R1.lt.0.)	F4='-'
	R2=abs(R1)
	call	FMT456(F6,R2,4)
	if (F6(4:6) .eq. '0-4')	then
		F6(3:6)='.00'//F6(3:3)
	endif
	F4(2:5)=F6(3:6)
	end
C====================================================================
	subroutine	FMTXF5(F4,R1)
	implicit none
	character F4*6,F6*6
	double precision	R1,R2
	F4=' '
	if(R1.lt.0.)	F4='-'
	R2=abs(R1)
	call	FMT456(F6,R2,5)
	F4(2:6)=F6(2:6)
	end
C====================================================================
	subroutine	FMTXF6(F4,R1)
	implicit none
	character F4*7,F6*6
	double precision	R1,R2
	F4=' '
	if(R1.lt.0.)	F4='-'
	R2=abs(R1)
	call	FMT456(F6,R2,6)
	F4(2:7)=F6(1:6)
	end
C====================================================================
	subroutine	FMXF5(F4,R1)
C the same as FMTXF5 but suppresses right "." or "0" when possible
	implicit none
	character F4*6,F6*6
	integer	J,JM
	double precision	R1,R2
	R2=abs(R1)
	if(R1.lt.0.)	then
		JM=1
		F4='-'
			else
		F4=' '
		JM=0
			endif
		call	FMT456(F6,R2,6-JM)
	do	5	J=1,6
	if(F6(J:J).eq.'.')	go to 4
 5	continue
	F4(1+JM:6)=F6(1+JM:6)
			return
 4	do	3	J=6,1,-1
	if(F6(J:J).eq.'.')	go to 2
	if(F6(J:J).ne.'0')	go to 1
 3	continue
 2	J=J-1
 1	F4(7+JM-J:6)=F6(1+JM:J)
	if(R1.ge.0.)	return
	F4(1:1)=' '
	F4(6+JM-J:6+JM-J)='-'
	end
C===================================================================
	subroutine	FMT456(F4,R2,N)
C R2>0 only
	implicit none
	character F4*6,T*25
	double precision	R,R2,ROUNDN
	integer	J,N,JM
	JM=6-N
	F4=' '
	if(R2.lt.1.e-9)	then
		F4=' 0.000'
		return
			endif
	R=ROUNDN(R2,5-JM)
	if(R.lt.1.e-4*10.d0**JM)	then
		write(T,11)R
 11		format(1F25.11)
		do	3	J=15,20+JM
		if(T(J:J).ne.'0')	go to 4
 3		continue
		J=20+JM
 4		F4(1+JM:5)=T(J:J+3-JM)//'-'
		write(F4(6:6),12)J-11-JM
		do	2	J=1,6
		if(F4(J:J).ne.'0'.and.F4(J:J).ne.' ')	return
		F4(J:J)=' '
 2		continue
 12		format(1I1)
		return
			endif
	R=ROUNDN(R2,6-JM)
	if(R.lt.1.e6/10.d0**JM)	then
	if(R.ge.1.e5/10.d0**JM)	R=ROUNDN(R2,7-JM)
		write(T,11)R
		do	5	J=8+JM,17-JM
		if(T(J:J).ne.' '.and.T(J:J).ne.'0')	go to 6
 5		continue
 6		F4(1+JM:6)=T(J:J+5-JM)
				return
			endif
	R=ROUNDN(R2,5-JM)
	if(R.lt.1.e13/10.d0**JM)	then
		write(T,11)R
		do	7	J=1,11
		if(T(J:J).ne.' '.and.T(J:J).ne.'0')	go to 8
 7		continue
 8		F4(1+JM:5)=T(J:J+3-JM)//'e'
		write(F4(6:6),12)10-J+JM
		return
			endif
	F4='  >e1 '
	write(F4(6:6),12)3-JM
	end
C=================================================================
	double precision function ROUNDN(R1,N)
	implicit none
	integer	N,J
	double precision    R,R1
	R=R1
	ROUNDN=R1
	if(R.ge.1.e13.or.R.lt.1.e-9)	return
	R=R*1.e9
	do	1	J=1,25
	if(R.lt.10.d0)	go to 2
	R=R/10.d0
1	continue
2	R=(R+50.d0/10.d0**N)*10.d0**(J-10)
	ROUNDN=R
	end
C=================================================================
	subroutine	READF6(LINE,F6,IERR)
C Read a number in LINE to 6-positinal field 
	implicit none
	integer	IERR,N,JE,JP,JM,J
	double precision	F6
	character*6	LINE,S
	IERR=0
Cpole	READ(LINE,10,ERR=1)N
10	FORMAT(1I6)
Cpole	F6=N
Cpole			return
1	JE=0
	JP=0
	JM=0
	do	5	J=1,6
	if(LINE(J:J).eq.'-')	JM=J
	if(LINE(J:J).eq.'e'.or.LINE(J:J).eq.'E') JE=J
	if(LINE(J:J).eq.'.')	JP=J
 5	continue
	if(JP.gt.0)	go to 4
	if(JE.gt.0)	go to 3
Cpole	if(JM.le.1)	go to 2
Cpole	S=LINE(1:JM-1)
	if(JM.gt.1)	go to 22
	READ(LINE,10,ERR=2)N
	F6=N
			return
 22	S=LINE(1:JM-1)

	READ(S,10,ERR=2)N
	F6=N
	S=LINE(JM:6)
	READ(S,10,ERR=2)N
	F6=F6*10.d0**N
			return
Cpole3	if(JE.le.1)	go to 3
 3	if(JE.le.1)	go to 2
	S=LINE(1:JE-1)
	READ(S,10,ERR=2)N
	F6=N
	S=LINE(JE+1:6)
	READ(S,10,ERR=2)N
	F6=F6*10.d0**N
			return
 4	READ(LINE,11,ERR=2)F6
 11	FORMAT(1F6.3)
			return
2	IERR=1
	write(*,*)'>>> ERROR: in "',LINE,'"'
	end
C=================================================================
	subroutine	UCASE(STRI)
	implicit none
	integer   KEY,J
	character STRI*(*)
	do	J=1,len(STRI)
	   KEY = ichar(STRI(J:J))
	   if(KEY.ge.97 .and. KEY.le.122)	KEY = KEY-32
	   STRI(J:J) = char(KEY)
	enddo
	end
C=================================================================
	subroutine	UPCASE(LENG,STRI)
	implicit    none
	integer     KEY,J,LENG
	character*1 STRI(LENG)
	do	1	J=1,LENG
	KEY = ichar(STRI(J))
	if(KEY.ge.97 .and. KEY.le.122)	KEY=KEY-32
	STRI(J) = char(KEY)
1	continue
	end
C======================================================================|
C	integer function IFNUM(STR,N)
C	implicit	none
C	character*1 STR(*),NU(16)
C	integer I,J,N,jj
C	data NU/'0','1','2','3','4','5','6','7','8','9',
C     +		'.','E','D','+','-',' '/
C        jj = 0
C	IFNUM=1					! True
C	do  1	J=1,N
C           do	I=1,16
C              if (STR(J).eq.NU(I))	goto 1
C           enddo
C           IFNUM = 0				! False
C           return
C 1	continue
C	end
C IFNUM ==============================================
	integer function IFNUM(STR,N)
	implicit	none
	character*1 STR(*),STRI*80
	integer	N,j
	double precision	R
	write(STRI,'(80A1)')(STR(j),j=1,N),char(0)
	IFNUM=1
	if (N .lt. 1)	return
	read(STRI(1:N),*,ERR=1)R
	return
 1	IFNUM=0
	end
C======================================================================|
	double precision	function	GETNUM(FIELD,ERCODE)
C----------------------------------------------------------------------|
        implicit none
	include	'for/parameter.inc'
	include	'for/const.inc'
	include	'for/outcmn.inc'
	character FIELD*(*),ZNUM*6
        integer	l,j,j1,ISHIFT,IFNUM,length,ERCODE,READR(48)
	save	ISHIFT
        data	ISHIFT/0/	READR/		! Total 48 elements
     >		    1,12,23,34,44,45,46,47,48,	! ZRD1X ->ZRD9X
     >		 2, 3, 4, 5, 6, 7, 8, 9,10,11,	! ZRD10X->ZRD19X
     >		13,14,15,16,17,18,19,20,21,22,	! ZRD20X->ZRD29X
     >		24,25,26,27,28,29,30,31,32,33,	! ZRD30X->ZRD39X
     >		35,36,37,38,39,40,41,42,43/	! ZRD40X->ZRD48X
C----------------------------------------------------------------------|
	if (ISHIFT .eq. 0)	then
	   do	1  j=1,NPRNAM
	      if(PRNAME(j).ne.'ZRD1  ')	goto	1
	      ISHIFT = j-1
	      goto	2
 1	   continue
	endif
 2	l  = len(FIELD)
        j  = index(FIELD(1:l),'ZRD')
        if (j .ne. 0)			goto	5
        j  = index(FIELD(1:l),'C')
        if (j .eq. 0)			goto	99
	j1 = min(length(FIELD(j:l)),l-j+1)
	ZNUM = FIELD(j:j+j1-1)
	do  3	j=1,NCFNAM
	   j1 = j
	   if (CFNAME(j) .eq. ZNUM)	goto	4
 3	continue
	goto	99
 4	ERCODE = 0
        GETNUM = CONSTF(j1)
        return

 5	j1 = index(FIELD(j+3:l),'X')
        if (j1 .ne. 0)	then
           if (j1 .gt. 3)		goto	99
           ZNUM = FIELD(j+3:j+j1+1)
        else
           ZNUM = FIELD(j+3:)
        endif
        if (IFNUM(ZNUM(1:),2) .eq. 0)	goto	99
        read(ZNUM(1:),*)j1
        if (j1.lt.1 .or. j1 .gt. 48)	goto	99
        GETNUM = DEVARX(ISHIFT+READR(j1))
        ERCODE = 0
        return
 99	ERCODE = 1
	end
C======================================================================|
	subroutine	STREAD(NCH,NFIELD,ARRAY,ERCODE)
C----------------------------------------------------------------------|
C	Reads one record group of the NBINP ("*.nbi") file 
C	and fills ARRAY(1:NFIELD) with data.
C	Numbers and references to ZRD??, ZRD??X and CONSTF_list
C	are allowed as records in the input file.
C ERCODE values:
C   0 -	Normal exit
C   1 - Unrecognized variable name
C   2 -	Read error
C   3 -	Wrong format
C   4 -	Array out of limits
C   5 -	Missing records
C----------------------------------------------------------------------|
        implicit none
        integer	NCH,NFIELD,j,IFNUM,ERCODE
	character    SFIELD(20)*12,STRING*132
        double precision	ARRAY(NFIELD),GETNUM
C----------------------------------------------------------------------|
        ERCODE = 4
	if (NFIELD .gt. 20)	return
        ERCODE = 5
 1      read(NCH,'(A)',err=99,end=3)STRING 		! Skip string
C        j = index(STRING,'//')				! Comment
        j = index(STRING,'!')				! Comment
        if (j .eq. 1)	goto	1
        if (j .eq. 0)	goto	2
        goto	97
 2      read(NCH,'(5A)',err=99)(SFIELD(j),j=1,NFIELD)
C	write(*, '(5A)')       (SFIELD(j),j=1,NFIELD)
        do	j=1,NFIELD
           call	UPCASE(12,SFIELD(j))
           if (IFNUM(SFIELD(j),12) .ne. 0)	then
              read(SFIELD(j),*,err=98)ARRAY(j)
           else
              ARRAY(j) = GETNUM(SFIELD(j),ERCODE)
              if (ERCODE .ne. 0)		goto	99
           endif
        enddo
        ERCODE = 0
 3      return
 97     continue
        ERCODE = 3
        return
 98     continue
        ERCODE = 2
        return
 99     continue
        ERCODE = 1
        end
C======================================================================|
	subroutine	ASKINT(NV,NVAR,NAME)
	implicit none
	include		'for/parameter.inc'
	integer     NVAR(*),NV,J
	character*4 NAME(*)
	double precision        VAR(NRW)
	do	1 J=1,NV
1	VAR(J)=NVAR(J)
	call ASKLIS(NV,VAR,NAME,4)
	do	2 J=1,NV
2	NVAR(J)=VAR(J)
	end
C======================================================================|
	subroutine	ASTWIN(NB,IBOX,NAME,SCALE,SHIFT,MOD10,YMODE)
	implicit	none
	double precision	SCALE(*),SHIFT(*)
	integer		NB,IBOX(*),YMODE,NRW16,NRW96,MOD10
	include		'for/parameter.inc'
	parameter	(NRW16=NRW+16,NRW96=NRW-128)
	integer		JMODE,JGR,j,j1,j2,jj,jn,jm,js,jb,jw,jsep,IB(NRW)
	integer		IP1(NRW),IP2(NRW),IP30(NRW),IP31(NRW),ASKTAB
	character*80	rows(NRW16),STR,TITLE,NAME(*)*4,KEY*1,TZER*1
	data	IP1/
     1		 1, 3, 5, 7,   9,11,13,15,   2, 4, 6, 8,  10,12,14,16,
     2		17,19,21,23,  25,27,29,31,  18,20,22,24,  26,28,30,32,
     3		33,35,37,39,  41,43,45,47,  34,36,38,40,  42,44,46,48,
     4		49,51,53,55,  57,59,61,63,  50,52,54,56,  58,60,62,64,
     5		65,67,69,71,  73,75,77,79,  66,68,70,72,  74,76,78,80,
     6		81,83,85,87,  89,91,93,95,  82,84,86,88,  90,92,94,96,
     7	 97,99,101,103, 105,107,109,111, 98,100,102,104,106,108,110,112,
     8	113,115,117,119,121,123,125,127,114,116,118,120,122,124,126,128/
C     9		NRW96*0/
	data	IP2/
     1		 1, 2, 9,10,   3, 4,11,12,   5, 6,13,14,   7, 8,15,16,
     2		17,18,25,26,  19,20,27,28,  21,22,29,30,  23,24,31,32,
     3		33,34,41,42,  35,36,43,44,  37,38,45,46,  39,40,47,48,
     4		49,50,57,58,  51,52,59,60,  53,54,61,62,  55,56,63,64,
     5		65,66,73,74,  67,68,75,76,  69,70,77,78,  71,72,79,80,
     6		81,82,89,90,  83,84,91,92,  85,86,93,94,  87,88,95,96,
     7	  97,98,105,106, 99,100,107,108,101,102,109,110,103,104,111,112,
     8	113,114,121,122,115,116,123,124,117,118,125,126,119,120,127,128/
C     9		NRW96*0/
	data	IP30/
     1		 1, 3, 5, 7,   2, 4, 6, 8,   9,11,13,15,  10,12,14,16,
     2		17,18,21,22,  25,26,29,30,  19,20,23,24,  27,28,31,32,
     3		33,34,37,38,  41,42,45,46,  35,36,39,40,  43,44,47,48,
     4		49,50,53,54,  57,58,61,62,  51,52,55,56,  59,60,63,64,
     5		65,66,69,70,  73,74,77,78,  67,68,71,72,  75,76,79,80,
     6		81,82,85,86,  89,90,93,94,  83,84,87,88,  91,92,95,96,
     7	  97,98,101,102,105,106,109,110, 99,100,103,104,107,108,111,112, 
     8	113,114,117,118,115,116,119,120,121,122,125,126,123,124,127,128/
C     9		NRW96*0/
	data	IP31/
     1		 1, 2, 5, 6,   3, 4, 7, 8,   9,10,13,14,  11,12,15,16,
     2		17,18,21,22,  19,20,23,24,  25,26,29,30,  27,28,31,32,
     3		33,34,37,38,  35,36,39,40,  41,42,45,46,  43,44,47,48,
     4		49,50,53,54,  51,52,55,56,  57,58,61,62,  59,60,63,64,
     5		65,66,69,70,  67,68,71,72,  73,74,77,78,  75,76,79,80,
     6		81,82,85,86,  83,84,87,88,  89,90,93,94,  91,92,95,96,
     7	  97,98,101,102,105,106,109,110, 99,100,103,104,107,108,111,112, 
     8	113,114,117,118,115,116,119,120,121,122,125,126,123,124,127,128/
C     9		NRW96*0/
	j = 0
	TZER= char(j)
	TITLE = "Presentation"//TZER
C              ----5----0----5----0----5----0----5----0----5----0----5
	STR = "Name|Box| Scale|Offset||Name|Box| Scale|Offset"//TZER
C	STR = "    |   |      |      ||    |   |      |      "//TZER
	jsep = index(STR,'||')+1
	JMODE = MOD10
	if (JMODE.eq.1)	then
	    JGR = 8
	elseif (JMODE.eq.2 .or. JMODE.eq.3)	then
	    JGR = 4
	elseif (JMODE.eq.6)	then
	    if (YMODE .eq. 1)	JGR = 4
	    if (YMODE .eq. 0)	JGR = 4
	    if (YMODE .eq.-1)	JGR = 2
	else
	    return
	endif
 10	continue
	do	j = 1,NRW
	   write(rows(j)(1:80),'(79X,1A1)')TZER
	enddo

C j  - ordinal box No.
C jb - box No. in the Astra nominations
C jw - position in the table
C jj - horizontal row
C js - position in the current row
C
	jn = 0
	jm = 0
	do  20	j = 1,NB
	    jb = IBOX(j)
	    if (jb .le. 0 )	then
		jm = jm+1
		goto	20
	    endif
	    if (JMODE .eq. 1)	jw = IP1(jb)
	    if (JMODE .eq. 2 .or. JMODE .eq. 3)	jw = IP2(jb)
	    if (JMODE .eq. 6)	then
		if (YMODE .eq. 1)	jw = jb
		if (YMODE .eq. 0)	jw = IP30(jb)
		if (YMODE .eq.-1)	jw = IP31(jb)
	    endif
	    js = jsep*(1-jw+jw/2*2)
	    jj = 1+(jw-1)/2
	    write(rows(jj)(js+1:js+4),'(1A4)') NAME(j)
	    write(rows(jj)(js+6:js+8),'(1I3)') jb
	    call	num2str(SCALE(j),rows(jj)(js+10:js+15),6)
	    call	num2str(SHIFT(j),rows(jj)(js+17:js+22),6)
	    jn = max(jn,jj)
 20	continue
	if (jm .eq. 0 )	goto	22
	j2 = jn
	j1 = 2*jn+1
	do  21	j = 1,NB
	    if (IBOX(j) .gt. 0 )	goto	21
	    jw = j1
	    js = jsep*(1-jw+jw/2*2)
	    jj = 1+(jw-1)/2
	    write(rows(jj)(js+1:js+4),'(1A4)') NAME(j)
	    write(rows(jj)(js+6:js+8),'(1I3)') IBOX(j)
	    call	num2str(SCALE(j),rows(jj)(js+10:js+15),6)
	    call	num2str(SHIFT(j),rows(jj)(js+17:js+22),6)
	    jn = max(jn,jj)
	    j1 = j1+1
 21	continue
 22	continue

	j1 =(jm+1)/2
	j = ASKTAB(TITLE,STR,rows,80,jn,JGR,j1)
	if (j .gt. 0)	goto	22
C	call	ASKCOL(TITLE,STR,rows,80,jn,JGR,j1)
C
C Warning: If two (or more) box # coincide, information will be 
C	   partly overrode and lost
C
C	write(*,'(1(A22,3X,A22))')
C     >		(rows(j)(1:22),rows(j)(25:46),j=1,jn)
C	write(*,'(10I5)')j1,NB,jn

	jn = 0
	do  30	j  = 1,NB
	    if (IBOX(j) .le. 0 )	goto	30
	    if (JMODE .eq. 1)	jw = IP1(IBOX(j))
	    if (JMODE .eq. 2 .or. JMODE .eq. 3)	jw = IP2(IBOX(j))
	    if (JMODE .eq. 6)	then
		if (YMODE .eq. 1)	jw = IBOX(j)
		if (YMODE .eq. 0)	jw = IP30(IBOX(j))
		if (YMODE .eq.-1)	jw = IP31(IBOX(j))
	    endif
	    js = jsep*(1-jw+jw/2*2)
	    jj = 1+(jw-1)/2
	    write(NAME(j),'(1A4)',ERR=77) rows(jj)(js+1:js+4)
	    read(rows(jj)(js+6: js+8), *,ERR=77) IB(j)
	    read(rows(jj)(js+10:js+15),*,ERR=77) SCALE(j)
	    read(rows(jj)(js+17:js+22),*,ERR=77) SHIFT(j)
	    jn = max(jn,jj)
 30	continue
	if (jm .eq. 0 )	goto	32
	j1 = 2*jn+1
	do  31	j = 1,NB
	    if (IBOX(j) .gt. 0 )	goto	31
	    jw = j1
	    js = jsep*(1-jw+jw/2*2)
	    jj = 1+(jw-1)/2
	    write(NAME(j),'(1A4)',ERR=77) rows(jj)(js+1:js+4)
	    read(rows(jj)(js+6: js+8), *,ERR=77) IB(j)
	    read(rows(jj)(js+10:js+15),*,ERR=77) SCALE(j)
	    read(rows(jj)(js+17:js+22),*,ERR=77) SHIFT(j)
	    jn = max(jn,jj)
	    j1 = j1+1
 31	continue
 32	continue
C	do	j = 1,NB
C	do	jj = 1,NB
C	    if (IB(j) .eq. IB(jj) .and. IB(j) .gt. 0 .and. j .ne. jj)
C     >			goto	78
C	enddo
C	enddo
 33	do	j = 1,NB
	    IBOX(j) = IB(j)
	enddo

	return
 77	write(*,*)
	write(*,'(2A)')'>>> INPUT ERROR encountered in ',
     &				'the dialog window "Presentation"'
	write(*,'(A23,A52,A1)')
     &	'                Line: "',rows(j)(1:52),'"'
	write(*,'(A52,$)')
     &	'     Enter "Y" to return, any other key to ignore > '
	KEY = 'X'
	read(*,'(:,A1)')KEY
	if (KEY .eq. 'Y' .or. KEY .eq. 'y')	goto	10
	return
C This warning being once ignored is repeated every next call
C 78	write(*,*)
C	write(*,'(A60,A7)')
C     &	">>> WARNING >>> You've put two (or more) curves in the same"
C     &	,' window'
C	write(*,'(A42)')'                 Information will be lost.'
C	write(*,'(A52,$)')
C     &	'     Enter "Y" to return, any other key to continue > '
C	KEY = 'X'
C	read(*,'(:,A1)')KEY
C	if (KEY .ne. 'Y' .or. KEY .ne. 'y')	goto	33
C	goto	10
	end
C======================================================================|
	subroutine   ASXWIN(NB,IBOX,NAME,SCALE,YSHIFT,XL,XR,MOD10,YMODE)
	implicit	none
	double precision	SCALE(*),YSHIFT(*),XL(*),XR(*),YY
	integer		NB,IBOX(*),YMODE,NRW16,NRW96,MOD10
	include		'for/parameter.inc'
	include		'for/const.inc'
	parameter	(NRW16=NRW+16, NRW96=NRW-128)
	integer		JMODE,JGR,j,j1,j2,jj,jn,jm,js,jb,jw,jsep,IB(NRW)
	integer		IP1(NRW),IP2(NRW),IP30(NRW),IP31(NRW),ASKTAB
	character*80	rows(NRW16),STR,TITLE
	character*1	NAME(*)*4,YKEY,TZER,ABNUM*6
	data	IP1/
     1		 1, 3, 5, 7,   9,11,13,15,   2, 4, 6, 8,  10,12,14,16,
     2		17,19,21,23,  25,27,29,31,  18,20,22,24,  26,28,30,32,
     3		33,35,37,39,  41,43,45,47,  34,36,38,40,  42,44,46,48,
     4		49,51,53,55,  57,59,61,63,  50,52,54,56,  58,60,62,64,
     5		65,67,69,71,  73,75,77,79,  66,68,70,72,  74,76,78,80,
     6		81,83,85,87,  89,91,93,95,  82,84,86,88,  90,92,94,96,
     7	 97,99,101,103, 105,107,109,111, 98,100,102,104,106,108,110,112,
     8	113,115,117,119,121,123,125,127,114,116,118,120,122,124,126,128/
C     9		NRW96*0/
	data	IP2/
     1		 1, 2, 9,10,   3, 4,11,12,   5, 6,13,14,   7, 8,15,16,
     2		17,18,25,26,  19,20,27,28,  21,22,29,30,  23,24,31,32,
     3		33,34,41,42,  35,36,43,44,  37,38,45,46,  39,40,47,48,
     4		49,50,57,58,  51,52,59,60,  53,54,61,62,  55,56,63,64,
     5		65,66,73,74,  67,68,75,76,  69,70,77,78,  71,72,79,80,
     6		81,82,89,90,  83,84,91,92,  85,86,93,94,  87,88,95,96,
     7	  97,98,105,106, 99,100,107,108,101,102,109,110,103,104,111,112,
     8	113,114,121,122,115,116,123,124,117,118,125,126,119,120,127,128/
C     9		NRW96*0/
	data	IP30/
     1		 1, 3, 5, 7,   2, 4, 6, 8,   9,11,13,15,  10,12,14,16,
     2		17,18,21,22,  25,26,29,30,  19,20,23,24,  27,28,31,32,
     3		33,34,37,38,  41,42,45,46,  35,36,39,40,  43,44,47,48,
     4		49,50,53,54,  57,58,61,62,  51,52,55,56,  59,60,63,64,
     5		65,66,69,70,  73,74,77,78,  67,68,71,72,  75,76,79,80,
     6		81,82,85,86,  89,90,93,94,  83,84,87,88,  91,92,95,96,
     7	  97,98,101,102,105,106,109,110, 99,100,103,104,107,108,111,112, 
     8	113,114,117,118,115,116,119,120,121,122,125,126,123,124,127,128/
C     9		NRW96*0/
	data	IP31/
     1		 1, 2, 5, 6,   3, 4, 7, 8,   9,10,13,14,  11,12,15,16,
     2		17,18,21,22,  19,20,23,24,  25,26,29,30,  27,28,31,32,
     3		33,34,37,38,  35,36,39,40,  41,42,45,46,  43,44,47,48,
     4		49,50,53,54,  51,52,55,56,  57,58,61,62,  59,60,63,64,
     5		65,66,69,70,  67,68,71,72,  73,74,77,78,  75,76,79,80,
     6		81,82,85,86,  83,84,87,88,  89,90,93,94,  91,92,95,96,
     7	  97,98,101,102,105,106,109,110, 99,100,103,104,107,108,111,112, 
     8	113,114,117,118,115,116,119,120,121,122,125,126,123,124,127,128/
C     9		NRW96*0/
C----------------------------------------------------------------------|
	j = 0
	TZER= char(j)
	TITLE = "Presentation"//TZER
C              ----5----0----5----0----5----0----5----0----5----0----5
	STR = "Name|Box| Scale|Offset| [a?,]| [,a?]||"//
     >	      "Name|Box| Scale|Offset| [a?,]| [,a?]"
     >		//TZER
	jsep = index(STR,'||')+1
C	STR = "    |   |      |      ||    |   |      |      "
C     >		//TZER
	JMODE = MOD10
	if (JMODE.eq.1)	then
	    JGR = 8
	elseif (JMODE.eq.2 .or. JMODE.eq.3)	then
	    JGR = 4
	elseif (JMODE.eq.6)	then
	    if (YMODE .eq. 1)	JGR = 4
	    if (YMODE .eq. 0)	JGR = 4
	    if (YMODE .eq.-1)	JGR = 2
	else
	    return
	endif
 10	continue
	do	j = 1,NRW
	   write(rows(j)(1:80),'(79X,1A1)')TZER
	enddo

C j  - ordinal box No.
C jb - box No. in the Astra nominations
C jw - position in the table
C jj - horizontal row
C js - position in the current row
C
	jn = 0
	jm = 0
	call	num2str(AB,ABNUM,6)
	do  20	j = 1,NB
	    jb = IBOX(j)
	    if (jb .le. 0 )	then
		jm = jm+1
		goto	20
	    endif
	    if (JMODE .eq. 1)	jw = IP1(jb)
	    if (JMODE .eq. 2 .or. JMODE .eq. 3)	jw = IP2(jb)
	    if (JMODE .eq. 6)	then
		if (YMODE .eq. 1)	jw = jb
		if (YMODE .eq. 0)	jw = IP30(jb)
		if (YMODE .eq.-1)	jw = IP31(jb)
	    endif
	    YY = XR(j)
	    js = jsep*(1-jw+jw/2*2)
	    jj = 1+(jw-1)/2
	    write(rows(jj)(js+1:js+4),'(1A4)') NAME(j)
	    write(rows(jj)(js+6:js+8),'(1I3)') jb
	    call	num2str(SCALE(j),rows(jj)(js+10:js+15),6)
	    call	num2str(YSHIFT(j),rows(jj)(js+17:js+22),6)
	    call	num2str(XL(j),rows(jj)(js+24:js+29),6)
	    call	num2str(XR(j),rows(jj)(js+31:js+36),6)
	    if (YY .gt. AB) rows(jj)(js+31:js+36) = ABNUM
	    jn = max(jn,jj)
 20	continue
	if (jm .eq. 0 )	goto	22
	j2 = jn
	j1 = 2*jn+1
	do  21	j = 1,NB
	    if (IBOX(j) .gt. 0 )	goto	21
	    YY = XR(j)
	    jw = j1
	    js = jsep*(1-jw+jw/2*2)
	    jj = 1+(jw-1)/2
	    write(rows(jj)(js+1:js+4),'(1A4)') NAME(j)
	    write(rows(jj)(js+6:js+8),'(1I3)') IBOX(j)
	    call	num2str(SCALE(j),rows(jj)(js+10:js+15),6)
	    call	num2str(YSHIFT(j),rows(jj)(js+17:js+22),6)
	    call	num2str(XL(j),rows(jj)(js+24:js+29),6)
	    call	num2str(XR(j),rows(jj)(js+31:js+36),6)
	    if (YY .gt. AB) rows(jj)(js+31:js+36) = ABNUM
	    jn = max(jn,jj)
	    j1 = j1+1
 21	continue
 22	continue
	j1 =(jm+1)/2
	j = ASKTAB(TITLE,STR,rows,80,jn,JGR,j1)
	if (j .gt. 0)	goto	22
C	call	ASKCOL(TITLE,STR,rows,80,jn,JGR,j1)
C
C Warning: If two (or more) box # coincide, information will be 
C	   partly overrode and lost
C
C	write(*,'(1(A22,3X,A22))')
C     >		(rows(j)(1:22),rows(j)(25:46),j=1,jn)
C	write(*,'(10I5)')j1,NB,jn

	jn = 0
	do  30	j  = 1,NB
	    if (IBOX(j) .le. 0 )	goto	30
	    if (JMODE .eq. 1)	jw = IP1(IBOX(j))
	    if (JMODE .eq. 2 .or. JMODE .eq. 3)	jw = IP2(IBOX(j))
	    if (JMODE .eq. 6)	then
		if (YMODE .eq. 1)	jw = IBOX(j)
		if (YMODE .eq. 0)	jw = IP30(IBOX(j))
		if (YMODE .eq.-1)	jw = IP31(IBOX(j))
	    endif
	    js = jsep*(1-jw+jw/2*2)
	    jj = 1+(jw-1)/2
	    write(NAME(j),'(1A4)',ERR=77) rows(jj)(js+1:js+4)
	    read(rows(jj)(js+6: js+8), *,ERR=77) IB(j)
	    read(rows(jj)(js+10:js+15),*,ERR=77) SCALE(j)
	    read(rows(jj)(js+17:js+22),*,ERR=77) YSHIFT(j)
	    read(rows(jj)(js+24:js+29),*,ERR=77) XL(j)
	    read(rows(jj)(js+31:js+36),*,ERR=77) YY
	    if  (rows(jj)(js+31:js+36).ne.ABNUM)
     >	    read(rows(jj)(js+31:js+36),*,ERR=77) XR(j)
	    jn = max(jn,jj)
 30	continue
	if (jm .eq. 0 )	goto	32
	j1 = 2*jn+1
	do  31	j = 1,NB
	    if (IBOX(j) .gt. 0 )	goto	31
	    jw = j1
	    js = jsep*(1-jw+jw/2*2)
	    jj = 1+(jw-1)/2
	    write(NAME(j),'(1A4)',ERR=77) rows(jj)(js+1:js+4)
	    read(rows(jj)(js+6: js+8), *,ERR=77) IB(j)
	    read(rows(jj)(js+10:js+15),*,ERR=77) SCALE(j)
	    read(rows(jj)(js+17:js+22),*,ERR=77) YSHIFT(j)
	    read(rows(jj)(js+24:js+29),*,ERR=77) XL(j)
	    if  (rows(jj)(js+31:js+36).ne.ABNUM)
     >	    read(rows(jj)(js+31:js+36),*,ERR=77) XR(j)
	    jn = max(jn,jj)
	    j1 = j1+1
 31	continue
 32	continue
C	do	j = 1,NB
C	do	jj = 1,NB
C	    if (IB(j) .eq. IB(jj) .and. IB(j) .gt. 0 .and. j .ne. jj)
C     >			goto	78
C	enddo
C	enddo
 33	do	j = 1,NB
	    IBOX(j) = IB(j)
	enddo

	return
 77	write(*,*)
	write(*,'(2A)')'>>> INPUT ERROR encountered in ',
     &				'the dialog window "Presentation"'
	write(*,'(A23,A52,A1)')
     &	'                Line: "',rows(j)(1:52),'"'
	write(*,'(A52,$)')
     &	'     Enter "Y" to return, any other key to ignore > '
	YKEY = 'X'
	read(*,'(:,A1)')YKEY
	if (YKEY .eq. 'Y' .or. YKEY .eq. 'y')	goto	10
	return
C This warning being once ignored is repeated every next call
C 78	write(*,*)
C	write(*,'(A60,A7)')
C     &	">>> WARNING >>> You've put two (or more) curves in the same"
C     &	,' window'
C	write(*,'(A42)')'                 Information will be lost.'
C	write(*,'(A52,$)')
C     &	'     Enter "Y" to return, any other key to continue > '
C	YKEY = 'X'
C	read(*,'(:,A1)')YKEY
C	if (YKEY .ne. 'Y' .or. YKEY .ne. 'y')	goto	33
C	goto	10
	end
C======================================================================|
	subroutine   ASKXGR(
     >		JCHAN,IBOX,NAME,YMODE,JNB,JXMODE,JGR,OUTFIG,OUTNAME
     >			   )
	implicit	none
	integer		JCHAN,JNB,IBOX(*),YMODE,ASKGRF,JMODE
	integer		NRW16,NRW96
	include		'for/parameter.inc'
	include		'for/const.inc'		! XOUT used
	include		'for/outcmn.inc'	! MOD10,TASK(1:3) used
	parameter	(NRW16=NRW+16, NRW96=NRW-128)
	integer		JXMODE,IFKEY,JDONE
	integer		JGR,j,j1,jj,jn,jm,js,jb,jc,jw,jsep,OUTFIG(*)
	integer		IP1(NRW),IP2(NRW),IP30(NRW),IP31(NRW),IB(NRW)
	character*80	rows(NRW16),STR,TITLE,OUTNAME(*)*8
	character*1	NAME(*)*4,YKEY,TZER
	data	IP1/
     1		 1, 3, 5, 7,   9,11,13,15,   2, 4, 6, 8,  10,12,14,16,
     2		17,19,21,23,  25,27,29,31,  18,20,22,24,  26,28,30,32,
     3		33,35,37,39,  41,43,45,47,  34,36,38,40,  42,44,46,48,
     4		49,51,53,55,  57,59,61,63,  50,52,54,56,  58,60,62,64,
     5		65,67,69,71,  73,75,77,79,  66,68,70,72,  74,76,78,80,
     6		81,83,85,87,  89,91,93,95,  82,84,86,88,  90,92,94,96,
     7	 97,99,101,103, 105,107,109,111, 98,100,102,104,106,108,110,112,
     8	113,115,117,119,121,123,125,127,114,116,118,120,122,124,126,128/
C     9		NRW96*0/
	data	IP2/
     1		 1, 2, 9,10,   3, 4,11,12,   5, 6,13,14,   7, 8,15,16,
     2		17,18,25,26,  19,20,27,28,  21,22,29,30,  23,24,31,32,
     3		33,34,41,42,  35,36,43,44,  37,38,45,46,  39,40,47,48,
     4		49,50,57,58,  51,52,59,60,  53,54,61,62,  55,56,63,64,
     5		65,66,73,74,  67,68,75,76,  69,70,77,78,  71,72,79,80,
     6		81,82,89,90,  83,84,91,92,  85,86,93,94,  87,88,95,96,
     7	  97,98,105,106, 99,100,107,108,101,102,109,110,103,104,111,112,
     8	113,114,121,122,115,116,123,124,117,118,125,126,119,120,127,128/
C     9		NRW96*0/
	data	IP30/
     1		 1, 3, 5, 7,   2, 4, 6, 8,   9,11,13,15,  10,12,14,16,
     2		17,18,21,22,  25,26,29,30,  19,20,23,24,  27,28,31,32,
     3		33,34,37,38,  41,42,45,46,  35,36,39,40,  43,44,47,48,
     4		49,50,53,54,  57,58,61,62,  51,52,55,56,  59,60,63,64,
     5		65,66,69,70,  73,74,77,78,  67,68,71,72,  75,76,79,80,
     6		81,82,85,86,  89,90,93,94,  83,84,87,88,  91,92,95,96,
     7	  97,98,101,102,105,106,109,110, 99,100,103,104,107,108,111,112, 
     8	113,114,117,118,115,116,119,120,121,122,125,126,123,124,127,128/
C     9		NRW96*0/
	data	IP31/
     1		 1, 2, 5, 6,   3, 4, 7, 8,   9,10,13,14,  11,12,15,16,
     2		17,18,21,22,  19,20,23,24,  25,26,29,30,  27,28,31,32,
     3		33,34,37,38,  35,36,39,40,  41,42,45,46,  43,44,47,48,
     4		49,50,53,54,  51,52,55,56,  57,58,61,62,  59,60,63,64,
     5		65,66,69,70,  67,68,71,72,  73,74,77,78,  75,76,79,80,
     6		81,82,85,86,  83,84,87,88,  89,90,93,94,  91,92,95,96,
     7	  97,98,101,102,105,106,109,110, 99,100,103,104,107,108,111,112, 
     8	113,114,117,118,115,116,119,120,121,122,125,126,123,124,127,128/
C     9		NRW96*0/
	j = 0
	TZER  = char(j)
	jdone = 1
	TITLE = "Select profiles for plotting"//TZER
